1760208094.492401
1760208094.515568
1760208094.533671
1760208094.549745
1760208094.565282
1760208094.581279
1760208094.597281
1760208094.613461
1760208094.630294
1760208094.646269
1760208094.649001
1760208094.665464
1760208094.686701
1760208094.703185
1760208094.721607
1760208094.738800
1760208094.756518
1760208094.772873
1760208094.789450
1760208094.805398
1760208094.822010
1760208094.838855
1760208094.842180
1760208094.858304
1760208094.875538
1760208094.892072
1760208094.907850
1760208094.924627
1760208094.942855
1760208094.958842
1760208094.975000
1760208094.991139
1760208095.007425
1760208095.024193
1760208095.027168
1760208095.043022
1760208095.060506
1760208095.077137
1760208095.093816
1760208095.110828
1760208095.127623
1760208095.144229
1760208095.161081
1760208095.177761
1760208095.193874
1760208095.210247
1760208095.213349
1760208095.230061
1760208095.246869
1760208095.262976
1760208095.279529
1760208095.296064
1760208095.312960
1760208095.329161
1760208095.345281
1760208095.362056
1760208095.378399
1760208095.395349
1760208095.398362
1760208095.414760
1760208095.431122
1760208095.447559
1760208095.463455
1760208095.479372
1760208095.499180
1760208095.516419
1760208095.533376
1760208095.552423
1760208095.569583
1760208095.586762
1760208095.589667
1760208095.605206
1760208095.621431
1760208095.636943
1760208095.653186
1760208095.669724
1760208095.686434
1760208095.704793
1760208095.722979
1760208095.740006
1760208095.757750
1760208095.774314
1760208095.777299
1760208095.793417
1760208095.811638
1760208095.832470
1760208095.850417
1760208095.867257
1760208095.883830
1760208095.899986
1760208095.915980
1760208095.932567
1760208095.948388
1760208095.964103
1760208095.967460
1760208095.983058
1760208096.000032
1760208096.015723
1760208096.031278
1760208096.047303
1760208096.063046
1760208096.078552
1760208096.093952
1760208096.109620
1760208096.124849
1760208096.140585
1760208096.143357
1760208096.159511
1760208096.174927
1760208096.190201
1760208096.205753
1760208096.221745
1760208096.237622
1760208096.253347
1760208096.269762
1760208096.285671
1760208096.301234
1760208096.317179
1760208096.320465
1760208096.335955
1760208096.352266
1760208096.368031
1760208096.384128
1760208096.399925
1760208096.415447
1760208096.431163
1760208096.446981
1760208096.462302
1760208096.478200
1760208096.493833
1760208096.496605
1760208096.512115
1760208096.528224
1760208096.543363
1760208096.558854
1760208096.574236
1760208096.589972
1760208096.605656
1760208096.621807
1760208096.638201
1760208096.655119
1760208096.671133
1760208096.674193
1760208096.690984
1760208096.710881
1760208096.728219
1760208096.745594
1760208096.763777
1760208096.780506
1760208096.797059
1760208096.814153
1760208096.831786
1760208096.851077
1760208096.868030
1760208096.871254
1760208096.887937
1760208096.904810
1760208096.921094
1760208096.937257
1760208096.953058
1760208096.968485
1760208096.983851
1760208096.999202
1760208097.014883
1760208097.031172
1760208097.046966
1760208097.050632
1760208097.065911
1760208097.082142
1760208097.097685
1760208097.113169
1760208097.128677
1760208097.144508
1760208097.160601
1760208097.176564
1760208097.192268
1760208097.208259
1760208097.223772
1760208097.226598
1760208097.241948
1760208097.258242
1760208097.273482
1760208097.288928
1760208097.304404
1760208097.319548
1760208097.334768
1760208097.350218
1760208097.365824
1760208097.381787
1760208097.398777
1760208097.401575
1760208097.416918
1760208097.432428
1760208097.448026
1760208097.463668
1760208097.479729
1760208097.495861
1760208097.512142
1760208097.527781
1760208097.543039
1760208097.558129
1760208097.574970
1760208097.577868
1760208097.593618
1760208097.609389
1760208097.624833
1760208097.639991
1760208097.655054
1760208097.657662
1760208097.672161
1760208097.688438
1760208097.703083
1760208097.720682
1760208097.736689
1760208097.751596
1760208097.766026
1760208097.780603
1760208097.796062
1760208097.811657
1760208097.825972
1760208097.828765
1760208097.843063
1760208097.859631
1760208097.874608
1760208097.889574
1760208097.905194
1760208097.920732
1760208097.936142
1760208097.951674
1760208097.967844
1760208097.985939
1760208098.002446
1760208098.005768
1760208098.021309
1760208098.037969
1760208098.053056
1760208098.068611
1760208098.083808
1760208098.100471
1760208098.119186
1760208098.136773
1760208098.152506
1760208098.168756
1760208098.184307
1760208098.187456
1760208098.203279
1760208098.219901
1760208098.234862
1760208098.252009
1760208098.267453
1760208098.282691
1760208098.297962
1760208098.313616
1760208098.328620
1760208098.344748
1760208098.360602
1760208098.363738
1760208098.378832
1760208098.395253
1760208098.410316
1760208098.425852
1760208098.440959
1760208098.456132
1760208098.471288
1760208098.486285
1760208098.501202
1760208098.515877
1760208098.530443
1760208098.533650
1760208098.547429
1760208098.563160
1760208098.578243
1760208098.592681
1760208098.607206
1760208098.621756
1760208098.636651
1760208098.651622
1760208098.666341
1760208098.681911
1760208098.696952
1760208098.699675
1760208098.714866
1760208098.731062
1760208098.746180
1760208098.761392
1760208098.776356
1760208098.791837
1760208098.807444
1760208098.822897
1760208098.838323
1760208098.853539
1760208098.868861
1760208098.872267
1760208098.886900
1760208098.902527
1760208098.917918
1760208098.933213
1760208098.948408
1760208098.963400
1760208098.978750
